0 0.482750 0.459958 0.040453 0.051111
0 0.306184 0.413299 0.020102 0.019597
0 0.613719 0.476444 0.036594 0.034639
0 0.575605 0.480167 0.052039 0.051056
0 0.482926 0.471910 0.041492 0.029542
0 0.386320 0.626479 0.060344 0.094069
0 0.591023 0.523118 0.037328 0.045514
0 0.456922 0.587201 0.055906 0.070347
0 0.276934 0.604681 0.046836 0.076667
0 0.347762 0.493285 0.047289 0.055097
0 0.264172 0.484576 0.041594 0.063792
0 0.374688 0.440660 0.037516 0.037708
0 0.408812 0.436132 0.027375 0.031819
0 0.248992 0.397257 0.025766 0.025208
0 0.212152 0.401035 0.026852 0.023403
0 0.184246 0.390264 0.019477 0.018722
0 0.172660 0.396813 0.016320 0.020597
0 0.785410 0.561993 0.099039 0.095264
0 0.850078 0.562396 0.061766 0.079153
0 0.718422 0.604090 0.064609 0.080347
0 0.528711 0.726479 0.068359 0.103097
0 0.427219 0.932889 0.141781 0.134222
0 0.808711 0.916000 0.241172 0.168000
0 0.771730 0.421993 0.056852 0.067403
0 0.258059 0.557799 0.040773 0.065236
0 0.454613 0.517924 0.047305 0.060903
