0 0.196305 0.392042 0.020531 0.029028
0 0.211836 0.400931 0.024219 0.024333
0 0.262383 0.407486 0.032641 0.029944
0 0.401129 0.418722 0.034227 0.052417
0 0.434383 0.573313 0.029359 0.073958
0 0.431531 0.513139 0.048125 0.063806
0 0.390750 0.638563 0.090531 0.195736
0 0.734516 0.799500 0.120703 0.175444
0 0.290688 0.441375 0.040953 0.045306
0 0.262020 0.459174 0.034586 0.042069
0 0.333816 0.486021 0.042555 0.046042
0 0.322051 0.417250 0.041477 0.034167
0 0.913605 0.577306 0.082945 0.086500
0 0.251699 0.551090 0.041086 0.049458
0 0.292254 0.506646 0.039008 0.062097
0 0.328020 0.541375 0.038570 0.062972
0 0.508844 0.566375 0.054641 0.063167
0 0.897281 0.460250 0.070922 0.064389
0 0.301063 0.596229 0.042797 0.074347
0 0.544289 0.733528 0.073797 0.110306
0 0.748547 0.577972 0.070609 0.064361
0 0.737738 0.492535 0.051555 0.051847
0 0.293238 0.778486 0.072430 0.150000
0 0.261562 0.485465 0.035500 0.041264
0 0.372145 0.478188 0.038227 0.042875
