0 0.296457 0.417882 0.029195 0.023014
0 0.597602 0.826569 0.094047 0.139778
0 0.498109 0.628722 0.066484 0.102194
0 0.766156 0.642278 0.077375 0.085111
0 0.920125 0.651618 0.100234 0.102764
0 0.703902 0.503556 0.056852 0.056694
0 0.628617 0.510549 0.052250 0.047597
0 0.650879 0.573160 0.051320 0.038792
0 0.467348 0.438743 0.040352 0.050375
0 0.308668 0.521285 0.039961 0.057486
0 0.544996 0.502125 0.044727 0.050056
0 0.657918 0.699174 0.088586 0.113542
0 0.401004 0.677424 0.060992 0.114903
0 0.443539 0.502944 0.049437 0.066778
0 0.426203 0.434785 0.024469 0.028347
0 0.369398 0.587653 0.046719 0.076750
0 0.390766 0.585007 0.090297 0.082125
0 0.409316 0.582924 0.053508 0.068403
0 0.693453 0.502632 0.035781 0.050653
0 0.347438 0.405833 0.032844 0.022500
0 0.886391 0.931986 0.173938 0.136028
0 0.665520 0.966660 0.115805 0.066681
0 0.234488 0.917368 0.113367 0.165264
0 0.532234 0.589181 0.056859 0.077694
0 0.375285 0.519125 0.045055 0.057444
0 0.379836 0.479479 0.038687 0.039653
0 0.332508 0.484736 0.041406 0.043694
0 0.257648 0.479479 0.037312 0.046125
0 0.251750 0.448750 0.034625 0.029917
0 0.542750 0.459660 0.047781 0.043681
0 0.407141 0.425278 0.035047 0.046111
0 0.346480 0.422847 0.033773 0.023028
0 0.263191 0.415396 0.022602 0.018958
0 0.237547 0.402986 0.018531 0.015806
0 0.217105 0.407049 0.019305 0.020319
0 0.188918 0.393951 0.015742 0.014903
0 0.174445 0.398917 0.014219 0.015806
