0 0.491508 0.462472 0.038531 0.040222
0 0.626020 0.499549 0.052102 0.053181
0 0.447813 0.457743 0.046500 0.048264
0 0.440617 0.581764 0.052109 0.067083
0 0.353422 0.465382 0.048797 0.066292
0 0.279227 0.579271 0.102594 0.212708
0 0.342871 0.543014 0.040086 0.067778
0 0.298934 0.523333 0.123211 0.097694
0 0.175672 0.391528 0.021234 0.020278
0 0.970699 0.728431 0.058602 0.132528
0 0.835707 0.552285 0.098133 0.082208
0 0.518703 0.442188 0.047234 0.048875
0 0.432707 0.424646 0.038773 0.046375
0 0.364727 0.436118 0.037312 0.035597
0 0.384523 0.426403 0.018656 0.025889
0 0.326273 0.418722 0.029578 0.031556
0 0.255281 0.457153 0.030484 0.030750
0 0.243223 0.434090 0.035492 0.036403
0 0.285316 0.406583 0.026852 0.028306
0 0.201434 0.399569 0.023992 0.027972
0 0.217758 0.397819 0.011797 0.024472
0 0.722699 0.548438 0.064523 0.070153
0 0.595125 0.528715 0.048922 0.060597
0 0.839027 0.618604 0.091758 0.080875
0 0.499820 0.556868 0.065250 0.073042
0 0.532348 0.674667 0.070008 0.105194
