0 0.324660 0.447465 0.041305 0.055236
0 0.328195 0.542521 0.040484 0.071431
0 0.205137 0.473785 0.026133 0.029681
0 0.990824 0.642319 0.018023 0.057972
0 0.369500 0.440819 0.030281 0.036361
0 0.438078 0.582187 0.048578 0.062819
0 0.623305 0.679708 0.078016 0.101861
0 0.616543 0.497646 0.051570 0.059653
0 0.285625 0.625569 0.053938 0.103528
0 0.736105 0.518403 0.052773 0.050639
0 0.700043 0.537701 0.057023 0.058625
0 0.476270 0.632667 0.059898 0.081889
0 0.404906 0.450250 0.035813 0.034222
0 0.464285 0.451660 0.035789 0.034264
0 0.515621 0.434562 0.047180 0.044681
0 0.380742 0.509951 0.043000 0.062653
0 0.462098 0.522764 0.052867 0.070167
0 0.662641 0.467625 0.049344 0.042611
0 0.543512 0.586049 0.059211 0.083958
0 0.778332 0.642958 0.087617 0.117111
0 0.262273 0.898542 0.121719 0.191667
0 0.552844 0.472118 0.052297 0.055625
0 0.842543 0.615944 0.072773 0.069472
0 0.292566 0.503799 0.040148 0.049764
0 0.182012 0.378556 0.051039 0.068167
0 0.224547 0.407000 0.026406 0.027528
0 0.255016 0.403840 0.024375 0.030236
0 0.267039 0.413903 0.019672 0.018889
0 0.386020 0.484875 0.039727 0.044750
0 0.297719 0.406910 0.029109 0.027264
0 0.235375 0.441875 0.034219 0.027278
0 0.234395 0.470889 0.029102 0.033556
0 0.269598 0.439076 0.035789 0.031458
0 0.274512 0.465299 0.036977 0.039153
0 0.341770 0.419500 0.025961 0.025861
