0 0.676910 0.580743 0.062211 0.066819
0 0.472305 0.425194 0.043687 0.043694
0 0.522504 0.693181 0.066523 0.116250
0 0.682719 0.721694 0.086203 0.128083
0 0.811191 0.676153 0.085023 0.082917
0 0.677426 0.963549 0.112555 0.072903
0 0.286113 0.632903 0.047195 0.079722
0 0.276676 0.591299 0.044836 0.058042
0 0.330168 0.549000 0.044055 0.061528
0 0.341770 0.492361 0.041305 0.053139
0 0.345703 0.466840 0.037359 0.034264
0 0.238168 0.520660 0.038680 0.046931
0 0.497336 0.482229 0.048234 0.047736
0 0.535789 0.435715 0.038688 0.035597
0 0.446367 0.466451 0.037312 0.037208
0 0.263246 0.411694 0.024680 0.025583
0 0.215125 0.436660 0.027328 0.032375
0 0.203371 0.476354 0.032023 0.050153
0 0.240098 0.464083 0.034961 0.045444
0 0.902395 0.962799 0.171148 0.074403
0 0.545660 0.580500 0.068977 0.098222
0 0.172613 0.393153 0.016742 0.021944
0 0.269477 0.452326 0.027328 0.036569
0 0.190242 0.398896 0.016750 0.020903
0 0.235340 0.400208 0.027617 0.026639
0 0.313988 0.416813 0.029961 0.024014
0 0.380664 0.421806 0.036953 0.030556
0 0.391152 0.444750 0.036289 0.033389
0 0.282738 0.782111 0.078508 0.169556
0 0.936516 0.692208 0.085641 0.076556
0 0.979398 0.580125 0.041125 0.071694
0 0.447281 0.573403 0.053781 0.065833
0 0.610254 0.474090 0.050336 0.051625
0 0.596523 0.529813 0.038641 0.048931
0 0.397578 0.657521 0.069687 0.137236
0 0.929129 0.608486 0.083602 0.075306
0 0.663152 0.476292 0.043758 0.030861
