0 0.485961 0.466681 0.033984 0.043111
0 0.282715 0.652715 0.056102 0.099875
0 0.323359 0.515882 0.047531 0.090819
0 0.502848 0.649896 0.069930 0.107847
0 0.245195 0.468882 0.037844 0.045958
0 0.352063 0.438153 0.024984 0.019639
0 0.396699 0.429840 0.020930 0.020986
0 0.474445 0.467375 0.056922 0.043306
0 0.232090 0.930292 0.111086 0.139417
0 0.383750 0.486868 0.046859 0.045875
0 0.262125 0.543493 0.043719 0.065514
0 0.213414 0.397000 0.018953 0.025278
0 0.196566 0.395597 0.024227 0.024333
0 0.273703 0.406361 0.025797 0.027139
0 0.303719 0.402618 0.031062 0.025264
0 0.321883 0.419938 0.034750 0.033708
0 0.969996 0.724604 0.058961 0.102875
0 0.433906 0.948194 0.122281 0.103611
0 0.614691 0.502965 0.053711 0.056153
0 0.632590 0.485653 0.049492 0.045861
0 0.622062 0.452882 0.049500 0.047736
0 0.825617 0.553174 0.072453 0.071042
0 0.765852 0.602361 0.068687 0.075500
0 0.559059 0.775174 0.082117 0.124764
0 0.835090 0.689382 0.090305 0.084542
0 0.555629 0.460847 0.035242 0.038972
