0 0.248508 0.403521 0.028094 0.027319
0 0.282949 0.405701 0.030039 0.029125
0 0.300445 0.421875 0.027906 0.026111
0 0.344875 0.432785 0.024578 0.023014
0 0.362316 0.414840 0.025258 0.028486
0 0.389969 0.432160 0.032969 0.039292
0 0.506602 0.429014 0.104016 0.084000
0 0.276180 0.490986 0.040547 0.048667
0 0.651930 0.444938 0.124422 0.080431
0 0.962680 0.607785 0.074641 0.077486
0 0.682031 0.497563 0.052500 0.052875
0 0.321461 0.478347 0.041594 0.040250
0 0.258871 0.546056 0.041852 0.098833
0 0.182234 0.399424 0.019312 0.018347
0 0.204508 0.391813 0.015141 0.021069
0 0.373852 0.514389 0.044234 0.058028
0 0.627812 0.878410 0.122656 0.191236
0 0.468816 0.971083 0.106633 0.057833
0 0.255551 0.945521 0.104742 0.104014
0 0.565293 0.478840 0.051898 0.052153
0 0.709703 0.551840 0.060687 0.062014
0 0.821996 0.559021 0.068773 0.055764
0 0.424316 0.566549 0.052336 0.080403
0 0.301055 0.650069 0.051656 0.093056
0 0.332496 0.536979 0.043039 0.062375
0 0.778430 0.655236 0.084578 0.071583
0 0.567648 0.498556 0.055547 0.091250
0 0.800590 0.506889 0.063258 0.047667
0 0.219871 0.394160 0.020414 0.019514
