0 0.772852 0.652861 0.078312 0.090583
0 0.814422 0.519597 0.059906 0.057917
0 0.768801 0.568944 0.067367 0.067306
0 0.608117 0.889674 0.110719 0.182292
0 0.275813 0.707993 0.062688 0.101264
0 0.271941 0.832722 0.080508 0.161889
0 0.686523 0.742688 0.090188 0.116347
0 0.497332 0.481389 0.042758 0.038750
0 0.462691 0.949444 0.114289 0.095083
0 0.326355 0.416861 0.034852 0.035861
0 0.762918 0.409319 0.037430 0.050444
0 0.965617 0.707667 0.064375 0.065278
0 0.635223 0.557438 0.058961 0.051931
0 0.555738 0.462562 0.055070 0.046792
0 0.594230 0.457910 0.040211 0.055236
0 0.478781 0.614417 0.063969 0.088806
0 0.378262 0.620354 0.059102 0.100681
0 0.238375 0.531146 0.036859 0.050542
0 0.275496 0.489486 0.039492 0.047750
0 0.308402 0.470771 0.038961 0.047736
0 0.266543 0.408514 0.026852 0.024333
0 0.236531 0.408521 0.032125 0.029958
0 0.192301 0.400556 0.020539 0.025278
0 0.395859 0.451104 0.035281 0.042125
0 0.430766 0.437569 0.038438 0.041250
