0 0.396125 0.691528 0.059344 0.093444
0 0.221887 0.420542 0.034617 0.048944
0 0.360336 0.420896 0.025172 0.025875
0 0.347945 0.432785 0.035797 0.028681
0 0.437816 0.441521 0.033820 0.043347
0 0.507109 0.448701 0.118187 0.148375
0 0.368516 0.511521 0.049344 0.055236
0 0.697781 0.591556 0.142875 0.134139
0 0.779273 0.545604 0.044672 0.039958
0 0.745027 0.559569 0.055695 0.054778
0 0.659371 0.514181 0.059820 0.047861
0 0.240484 0.466326 0.041906 0.049708
0 0.502387 0.554028 0.049195 0.056472
0 0.267316 0.539250 0.040164 0.069194
0 0.620637 0.550562 0.052273 0.055542
0 0.866848 0.720812 0.096039 0.097514
0 0.429133 0.505563 0.045078 0.047653
0 0.452574 0.957417 0.117914 0.085167
0 0.560852 0.510090 0.048672 0.048569
0 0.289469 0.501903 0.037484 0.041806
0 0.227262 0.470313 0.069102 0.060264
