0 0.562738 0.489910 0.045930 0.036875
0 0.567684 0.451396 0.043227 0.038875
0 0.344172 0.492438 0.039016 0.044264
0 0.853082 0.942514 0.107055 0.108250
0 0.273965 0.839493 0.085648 0.135764
0 0.874926 0.697778 0.079148 0.081972
0 0.507133 0.464465 0.040359 0.037986
0 0.423809 0.421687 0.037070 0.034153
0 0.668086 0.521965 0.043828 0.044931
0 0.340457 0.421069 0.031586 0.039028
0 0.382117 0.624201 0.050766 0.077236
0 0.239656 0.521167 0.040266 0.063167
0 0.307414 0.529340 0.047016 0.072653
0 0.639145 0.561507 0.038602 0.050625
0 0.830715 0.612056 0.071617 0.062139
0 0.432852 0.898556 0.106641 0.202889
0 0.984340 0.635514 0.030867 0.089083
0 0.186348 0.395417 0.025867 0.023611
0 0.231508 0.400701 0.021578 0.021653
0 0.252672 0.404389 0.031266 0.027056
0 0.296027 0.467840 0.045648 0.047208
0 0.596988 0.642611 0.070367 0.095583
