0 0.340656 0.542938 0.051359 0.061986
0 0.313867 0.415049 0.029781 0.041597
0 0.366016 0.424792 0.040141 0.047306
0 0.246949 0.907264 0.098727 0.153556
0 0.877773 0.645674 0.082687 0.071264
0 0.576258 0.483083 0.050875 0.052889
0 0.774734 0.870417 0.118641 0.148306
0 0.456187 0.604014 0.051344 0.077194
0 0.715336 0.513646 0.055375 0.059792
0 0.700340 0.598917 0.066695 0.071306
0 0.267227 0.587076 0.047422 0.076542
0 0.521508 0.653722 0.071312 0.110250
0 0.850840 0.694007 0.089523 0.083181
0 0.284801 0.690958 0.060633 0.132806
0 0.409402 0.675194 0.059086 0.113833
0 0.675855 0.959257 0.123383 0.081486
0 0.496195 0.554646 0.051359 0.068208
0 0.421926 0.544868 0.054273 0.071319
0 0.488398 0.435104 0.033047 0.046181
0 0.460461 0.455069 0.027516 0.039861
0 0.443559 0.461312 0.038539 0.032875
0 0.237266 0.521097 0.036578 0.053139
0 0.264406 0.485090 0.038156 0.042653
0 0.229398 0.455021 0.038938 0.041264
0 0.265371 0.396368 0.020680 0.019903
0 0.243840 0.408000 0.029211 0.026306
0 0.227246 0.387097 0.027508 0.034389
0 0.209793 0.404965 0.019539 0.020236
0 0.176316 0.395694 0.018211 0.017861
